1123
3982
1687
3283
2236
4621
1606
864
1160
1668
525
218
4191
4996
4285
2105
2623
2528
1551
4363
1507
3886
4239
3143
16
3655
4560
4922
252
970
2422
4372
2618
3551
4500
140
242
2063
4467
2646
3475
4584
1510
2545
2280
77
2121
2079
1317
1515
3472
2510
2625
1515
2910
2482
2264
2559
1195
2031
1761
4297
1195
1248
1540
1260
3970
1813
383
2452
4156
1542
2220
2529
2756
1878
3664
4354
4366
4903
1202
3907
4629
1614
3341
149
2706
430
3644
2974
4972
4903
2140
887
2233
636
3016
3818
2314
4118
4478
4685
3511
2533
2532
2227
7
3994
196
2909
468
1114
3592
1942
2370
1038
4037
408
1149
4102
1039
682
2107
2777
3328
3464
743
4933
3550
4875
2270
3792
852
3041
2746
364
757
834
2932
706
1845
1065
1934
3768
413
1662
1132
4842
407
4830
3094
4211
4808
384
1609
1041
88
1091
2653
751
1198
1500
195
3217
4940
571
3485
4852
1984
2893
1098
3088
4099
3238
3863
4523
4551
868
405
3856
1267
4712
435
2896
33
1339
3786
4179
2403
3680
4830
983
1856
2359
1875
1241
897
2540
3001
1242
3052
4456
1964
4931
682
4489
1467
2046
4469
4029
4651
3502
4952
3464
302
2465
1227
735
3289
3726
2992
3984
2896
3401
4311
2183
2682
4558
1872
4429
2272
74
238
4094
521
804
2890
2878
679
1132
1186
1778
3503
2233
2533
2976
3982
2013
2392
1624
575
245
3392
1983
1510
3429
4382
3150
576
4374
724
2881
2417
4685
3481
619
1846
707
3251
4807
2406
1234
3596
4903
3476
305
2306
3413
1551
1768
2735
1894
1870
2051
1341
1488
3251
930
4563
273
4330
1488
3576
4535
696
4279
3591
1703
4660
3184
3162
4946
3378
2345
3242
1349
2425
1133
3822
1659
1579
2419
786
4635
922
4249
3293
238
892
3951
2705
460
3833
498
3991
2754
2804
1414
3499
4639
4702
2
2357
350
3140
1022
1939
1911
1866
1591
1525
4981
3313
4570
135
392
1368
1164
2001
4843
978
2803
1064
4741
3367
930
4838
179
1
196
304
185
3798
940
4458
4410
4547
4112
4386
4990
171
4175
1823
1782
4294
4017
2183
4548
4215
3939
3823
2557
333
3686
3550
2905
727
1970
3236
3600
4846
3521
1458
1934
1179
587
4504
1307
3336
3274
1592
56
365
1219
358
2732
3920
1467
3011
933
4448
1942
457
4999
3489
63
4634
2186
1702
1919
1026
3637
2022
2256
4175
1120
623
1766
1976
1487
1908
4790
916
4003
2861
807
3414
1463
4910
2147
792
4457
1850
359
4181
2002
1168
3088
4731
1234
4467
2708
2206
321
1864
3869
949
1020
4896
3163
3109
890
4692
1168
1354
1494
3638
221
4551
2572
3793
2016
4932
3952
4516
4873
1931
1528
960
2996
496
4011
3128
4774
2516
4001
878
2523
3337
2112
2199
3878
1127
1856
3663
4367
4284
1321
3966
4592
2916
3131
940
2669
1190
2979
664
910
2254
3792
2731
2798
660
1888
21
840
4711
2839
4502
4587
2584
1904
4961
821
3134
2857
4029
1170
3906
4671
3941
3257
1983
1576
296
1342
1015
2007
739
1669
314
2477
4821
3275
4389
3887
1657
1463
716
566
4010
2660
4193
156
3137
1181
3864
774
3357
3225
3084
2352
1618
1791
2721
223
1962
3934
2910
1621
1956
4407
4722
1201
1405
4707
3512
2244
1909
3592
26
2268
1322
4317
149
4367
2767
565
1508
229
3164
190
902
312
316
4414
2889
2157
4422
806
2788
4199
689
385
333
4070
3521
98
1310
3798
1997
2069
2003
184
692
3648
3984
1999
2381
2151
3875
295
2837
2277
93
826
1775
4230
368
3019
2393
2575
4827
1194
3640
2928
2997
3126
686
771
3614
3165
1292
3787
701
4504
1677
1079
4076
1728
604
4559
1506
3796
4448
4692
135
1782
2219
2198
639
1674
259
366
1627
3691
555
2553
1860
3953
4267
3248
2839
40
713
356
431
2847
1832
941
3917
410
471
780
1322
195
3879
3424
2838
1577
2167
3979
3329
140
2625
1977
2299
4115
796
4491
4
15
4234
3049
3192
3005
3549
3667
2619
4077
4744
1422
1302
1565
676
4403
415
1050
3873
4401
4620
1273
637
2773
138
1489
4882
4935
3835
2278
4021
2753
1943
4047
652
339
2322
3940
2365
604
1959
2199
4961
3923
2492
3306
1180
3248
197
2141
1603
2587
4464
3988
799
2716
2992
4390
3954
3008
4421
1939
2873
783
2813
321
398
4099
2822
3323
4005
789
3649
4210
4612
897
4725
1629
4355
2854
1146
1501
965
2238
3405
1112
1843
1876
1398
1940
3906
1369
3404
3008
737
3139
3026
3634
3336
1329
1458
3589
3821
722
2107
415
2855
1118
1114
1956
597
1376
1191
802
2309
988
4004
4213
1239
880
1856
3976
4398
1342
3825
3603
1680
1581
270
2719
4877
2031
150
3576
1568
921
33
1930
58
1097
3777
1096
4129
3423
1781
1097
1943
3469
2272
2919
785
3416
2356
3430
2717
604
4289
4109
1975
344
1634
217
3956
4803
707
1051
2070
2492
1191
3320
881
3245
3213
1659
4910
872
2351
252
1850
1315
3576
1903
3758
1522
3609
3987
1262
3124
1493
1153
4767
3619
2674
1091
116
239
2255
3088
787
2007
4341
2367
289
626
1910
3773
1632
12
2734
3157
3910
4572
409
3602
4832
1132
1788
2524
4513
1271
1641
4149
3405
1078
1934
1952
3918
1797
3549
3951
2624
1222
2168
2863
4325
510
1644
279
1241
2598
1845
2135
944
314
4225
541
1476
4435
683
4355
3761
299
1806
1554
1466
515
1476
4143
1183
4379
266
4410
2074
219
4607
4358
1194
1538
810
4725
1849
1175
2692
452
1478
2371
2799
3073
3515
2909
2822
3790
328
2347
1323
64
0
2631
1566
15
3077
1255
2856
1905
1967
4017
3946
3432
4093
2671