0
1
2
4
7
12
15
15
16
21
26
33
33
40
56
58
63
64
74
77
88
93
98
116
135
135
138
140
140
149
149
150
156
171
179
184
185
190
195
195
196
196
197
217
218
219
221
223
229
238
238
239
242
245
252
252
259
266
270
273
279
289
295
296
299
302
304
305
312
314
314
316
321
321
328
333
333
339
344
350
356
358
359
364
365
366
368
383
384
385
392
398
405
407
408
409
410
413
415
415
430
431
435
452
457
460
468
471
496
498
510
515
521
525
541
555
565
566
571
575
576
587
597
604
604
604
619
623
626
636
637
639
652
660
664
676
679
682
682
683
686
689
692
696
701
706
707
707
713
716
722
724
727
735
737
739
743
751
757
771
774
780
783
785
786
787
789
792
796
799
802
804
806
807
810
821
826
834
840
852
864
868
872
878
880
881
887
890
892
897
897
902
910
916
921
922
930
930
933
940
940
941
944
949
960
965
970
978
983
988
1015
1020
1022
1026
1038
1039
1041
1050
1051
1064
1065
1078
1079
1091
1091
1096
1097
1097
1098
1112
1114
1114
1118
1120
1123
1127
1132
1132
1132
1133
1146
1149
1153
1160
1164
1168
1168
1170
1175
1179
1180
1181
1183
1186
1190
1191
1191
1194
1194
1195
1195
1198
1201
1202
1219
1222
1227
1234
1234
1239
1241
1241
1242
1248
1255
1260
1262
1267
1271
1273
1292
1302
1307
1310
1315
1317
1321
1322
1322
1323
1329
1339
1341
1342
1342
1349
1354
1368
1369
1376
1398
1405
1414
1422
1458
1458
1463
1463
1466
1467
1467
1476
1476
1478
1487
1488
1488
1489
1493
1494
1500
1501
1506
1507
1508
1510
1510
1515
1515
1522
1525
1528
1538
1540
1542
1551
1551
1554
1565
1566
1568
1576
1577
1579
1581
1591
1592
1603
1606
1609
1614
1618
1621
1624
1627
1629
1632
1634
1641
1644
1657
1659
1659
1662
1668
1669
1674
1677
1680
1687
1702
1703
1728
1761
1766
1768
1775
1778
1781
1782
1782
1788
1791
1797
1806
1813
1823
1832
1843
1845
1845
1846
1849
1850
1850
1856
1856
1856
1860
1864
1866
1870
1872
1875
1876
1878
1888
1894
1903
1904
1905
1908
1909
1910
1911
1919
1930
1931
1934
1934
1934
1939
1939
1940
1942
1942
1943
1943
1952
1956
1956
1959
1962
1964
1967
1970
1975
1976
1977
1983
1983
1984
1997
1999
2001
2002
2003
2007
2007
2013
2016
2022
2031
2031
2046
2051
2063
2069
2070
2074
2079
2105
2107
2107
2112
2121
2135
2140
2141
2147
2151
2157
2167
2168
2183
2183
2186
2198
2199
2199
2206
2219
2220
2227
2233
2233
2236
2238
2244
2254
2255
2256
2264
2268
2270
2272
2272
2277
2278
2280
2299
2306
2309
2314
2322
2345
2347
2351
2352
2356
2357
2359
2365
2367
2370
2371
2381
2392
2393
2403
2406
2417
2419
2422
2425
2452
2465
2477
2482
2492
2492
2510
2516
2523
2524
2528
2529
2532
2533
2533
2540
2545
2553
2557
2559
2572
2575
2584
2587
2598
2618
2619
2623
2624
2625
2625
2631
2646
2653
2660
2669
2671
2674
2682
2692
2705
2706
2708
2716
2717
2719
2721
2731
2732
2734
2735
2746
2753
2754
2756
2767
2773
2777
2788
2798
2799
2803
2804
2813
2822
2822
2837
2838
2839
2839
2847
2854
2855
2856
2857
2861
2863
2873
2878
2881
2889
2890
2893
2896
2896
2905
2909
2909
2910
2910
2916
2919
2928
2932
2974
2976
2979
2992
2992
2996
2997
3001
3005
3008
3008
3011
3016
3019
3026
3041
3049
3052
3073
3077
3084
3088
3088
3088
3094
3109
3124
3126
3128
3131
3134
3137
3139
3140
3143
3150
3157
3162
3163
3164
3165
3184
3192
3213
3217
3225
3236
3238
3242
3245
3248
3248
3251
3251
3257
3274
3275
3283
3289
3293
3306
3313
3320
3323
3328
3329
3336
3336
3337
3341
3357
3367
3378
3392
3401
3404
3405
3405
3413
3414
3416
3423
3424
3429
3430
3432
3464
3464
3469
3472
3475
3476
3481
3485
3489
3499
3502
3503
3511
3512
3515
3521
3521
3549
3549
3550
3550
3551
3576
3576
3576
3589
3591
3592
3592
3596
3600
3602
3603
3609
3614
3619
3634
3637
3638
3640
3644
3648
3649
3655
3663
3664
3667
3680
3686
3691
3726
3758
3761
3768
3773
3777
3786
3787
3790
3792
3792
3793
3796
3798
3798
3818
3821
3822
3823
3825
3833
3835
3856
3863
3864
3869
3873
3875
3878
3879
3886
3887
3906
3906
3907
3910
3917
3918
3920
3923
3934
3939
3940
3941
3946
3951
3951
3952
3953
3954
3956
3966
3970
3976
3979
3982
3982
3984
3984
3987
3988
3991
3994
4001
4003
4004
4005
4010
4011
4017
4017
4021
4029
4029
4037
4047
4070
4076
4077
4093
4094
4099
4099
4102
4109
4112
4115
4118
4129
4143
4149
4156
4175
4175
4179
4181
4191
4193
4199
4210
4211
4213
4215
4225
4230
4234
4239
4249
4267
4279
4284
4285
4289
4294
4297
4311
4317
4325
4330
4341
4354
4355
4355
4358
4363
4366
4367
4367
4372
4374
4379
4382
4386
4389
4390
4398
4401
4403
4407
4410
4410
4414
4421
4422
4429
4435
4448
4448
4456
4457
4458
4464
4467
4467
4469
4478
4489
4491
4500
4502
4504
4504
4513
4516
4523
4535
4547
4548
4551
4551
4558
4559
4560
4563
4570
4572
4584
4587
4592
4607
4612
4620
4621
4629
4634
4635
4639
4651
4660
4671
4685
4685
4692
4692
4702
4707
4711
4712
4722
4725
4725
4731
4741
4744
4767
4774
4790
4803
4807
4808
4821
4827
4830
4830
4832
4838
4842
4843
4846
4852
4873
4875
4877
4882
4896
4903
4903
4903
4910
4910
4922
4931
4932
4933
4935
4940
4946
4952
4961
4961
4972
4981
4990
4996
4999