3629
3090
500
3206
1642
3997
3087
4195
1590
3404
1367
727
4987
3195
4957
4519
3923
1485
3942
714
884
4938
2933
3715
4844
2868
4198
1567
2269
4437
4170
3063
109
4665
1849
2946
323
1332
907
3149
576
139
2277
157
714
2438
1755
4715
3057
2305
55
1895
1356
1301
4051
4093
4576
283
4551
4493
4427
1371
2625
2224
4536
4494
3587
1961
398
1607
3263
1825
2118
2108
3104
323
4001
1057
973
2625
4752
4563
4718
926
2349
3945
450
1451
3402
1273
1533
1743
58
1312
1477
164
4686
3171
3368
4932
3646
406
1056
3205
1740
1915
2240
2614
2958
941
4459
4025
2168
1017
587
1150
1868
1022
2269
1830
2074
223
2068
475
986
2578
4987
1149
4114
2201
3957
330
13
1606
2844
672
4052
1394
1309
1036
4501
90
4717
695
3031
4330
2041
1681
4898
3225
987
3177
4191
2576
3710
2542
4740
80
2677
3370
556
3858
2842
720
1355
3186
3827
1365
3368
2039
1553
3442
4297
1803
389
2074
1037
1118
1022
2305
4430
3741
3795
2987
2949
34
1805
2553
3472
853
1707
2581
1989
2106
2609
785
2163
3972
528
2887
265
1693
1485
3544
4037
3300
2337
2408
4153
202
2927
4678
2422
4944
2509
3059
4543
1566
1467
1354
2315
2759
547
3816
4013
4975
3079
3930
1713
4758
2987
4239
2542
4578
4863
4357
2995
2432
836
1157
2501
1540
2291
199
4785
246
2911
1270
4660
1224
3335
4744
730
2237
2281
2888
477
2574
4629
4280
781
847
612
1539
2447
3435
1623
1054
3673
3239
3107
3951
1387
1966
2555
447
4653
318
3343
111
311
1433
4821
3050
3844
3969
2792
458
3997
3146
2673
4659
4309
2546
3725
499
4346
2431
4764
683
304
1789
2148
2070
3862
4230
3107
1880
661
4191
2578
4009
2580
3814
3414
3116
670
1263
3378
2317
2713
1598
3953
4
3104
3609
3768
2999
436
2923
416
1053
2670
4657
1722
240
4202
3565
4912
3391
993
1334
2690
2792
2264
544
4117
744
4798
13
1379
1628
3008
292
1786
1861
783
793
2579
1972
171
266
4728
2253
2361
2514
798
347
1492
485
1806
2879
1376
3545
6
4520
3515
1118
2891
4894
1752
460
2856
1081
4249
519
1283
3550
2989
3339
3704
4542
3771
1950
3231
1945
2808
3910
4121
1787
1880
2248
2051
2244
576
3258
2404
4578
861
2316
4227
1618
4910
1565
1311
3612
2432
325
4846
808
2661
4921
1679
601
30
2031
3735
4276
1734
1579
3520
542
3947
3587
1782
677
4193
874
769
2769
4829
4438
1851
1864
2616
4898
195
1984
4537
4658
1657
782
2843
361
1181
519
347
3534
4704
130
975
2254
18
2552
4166
4804
4241
4499
2921
973
4669
3418
3584
3903
631
304
327
3617
4375
3658
3375
4398
3640
3602
911
4652
3289
3700
4383
4574
4980
567
1284
810
2790
1993
3133
4153
4047
3036
3931
4728
2211
1769
1501
4013
3867
676
2849
4453
878
3344
1671
1766
4881
1931
3910
3729
4648
4768
4818
4058
2426
985
1929
3282
1009
803
195
753
1377
4459
4948
194
3258
4721
78
4790
1413
85
2269
907
1850
1459
4139
176
3837
1503
3934
1874
862
2522
1602
1723
574
4026
359
1261
3485
4469
1124
1224
1768
2558
2653
4569
2197
4210
3196
3734
2496
2431
2110
1717
2120
2610
1740
2365
3351
4198
4621
2906
1570
224
2107
2187
3366
1520
3355
416
3831
3362
1911
3530
3638
342
4862
4644
170
4371
2984
3309
4183
4856
3674
4556
75
4224
2785
1252
4964
4104
1926
4047
540
4148
1979
1470
3385
1689
4999
3945
379
4271
1836
2103
534
3561
801
2653
4557
1040
2829
489
1259
74
3499
3544
1015
1419
2411
3399
1326
346
2582
4487
2863
777
3931
1201
3931
4711
3610
1112
4310
1884
3158
1067
3776
1524
4195
863
998
2646
791
4271
876
679
1481
3353
2463
960
1906
3154
2742
2445
842
1003
4554
2833
1697
4253
1672
3151
3570
818
3547
591
4870
3570
393
1564
1413
1988
856
1553
3780
4689
3516
3540
3603
1173
374
4072
2912
3590
1767
4627
244
2752
4877
874
2644
2881
4554
18
901
4211
4191
811
937
3529
1809
1012
4184
746
4223
1711
2787
3719
2096
3346
362
1072
3195
3160
1404
3449
4764
33
4875
1264
3706
417
175
3967
196
901
404
3054
348
389
4178
2984
619
2236
2190
1493
2120
1064
1002
1828
1930
1056
1490
1155
711
277
501
2831
3395
1023
4889
2276
522
3925
4123
3703
2106
4558
871
825
551
944
95
4343
3758
62
2985
4295
353
3238
1050
344
4840
3369
4378
3604
2586
1432
1516
731
4973
3154
1962
4672
820
4323
453
2776
2777
3362
1080
3008
2633
4267
4437
3538
2575
2468
1363
3393
2298
4663
3705
2793
1204
4474
2285
4847
634
1163
4088
3184
3657
1499
201
3864
1792
2977
3333
2906
3392
3525
3063
365
207
1071
560
2421
2459
2282
751
4127
1867
364
333
1773
2662
1802
4599
4501
4267
4596
1151
1165
2474
1379
599
565
1558
1071
2835
3594
1017
4965
2041
4179
2822
4426
1673
495
187
509
1234
3718
147
3713
3171
948
261
4036
2837
3944
3231
1666
23
3170
3378
3318
2251
2362
3561
4408
3548
1671
3585
2588
1765
3288
1463
4890
2536
2163
4810
3006
57
1250
3927
2825
4317
517
4460
4836
4549
2671
1425
4330
1014
2197
925
3972
93
1076
1860
1041
652
1267
4836
3565
4780
4856
208
4441
3561
4086
2266
4937
2318
3852
1669
1921
3695
500
3173
2978
935
146
3390
1430
172
224
3182
1754
4666
4163
715
1471
4141
1094
3125
150
1332
3730
1428
759
4841
393
3915
3673
4967
3812
3409
1532
4420
1417
1446
4836
1876
1747
3373
4045
2811
4105
4904
2249
1487
1690
3694
2221
