4
5
15
15
16
17
23
27
31
32
33
33
34
34
40
43
45
49
67
68
72
73
79
84
96
96
97
99
105
105
108
111
113
120
122
131
133
140
146
162
164
169
170
185
193
198
208
208
210
213
217
223
230
238
244
251
253
257
258
258
259
261
266
270
278
281
295
295
307
311
326
334
337
342
351
355
362
364
371
373
376
384
386
398
406
413
413
414
415
417
420
428
429
451
457
458
460
466
472
477
479
495
498
499
505
505
511
512
514
515
516
516
518
531
532
539
541
543
549
551
556
568
578
579
583
588
588
593
611
615
616
624
632
648
663
664
673
674
674
675
677
679
694
701
709
713
721
722
738
743
745
750
750
751
758
762
772
773
774
775
801
811
813
814
819
826
829
831
843
852
854
856
860
861
866
867
867
871
878
878
889
890
896
901
902
909
915
917
917
918
919
929
930
938
938
940
945
951
956
969
969
971
971
973
974
976
977
983
989
991
994
998
1005
1007
1012
1015
1024
1033
1034
1041
1043
1049
1054
1060
1065
1074
1078
1082
1083
1085
1093
1100
1104
1106
1111
1121
1127
1136
1141
1149
1153
1154
1158
1162
1163
1163
1179
1186
1186
1187
1195
1197
1197
1201
1204
1207
1217
1219
1224
1226
1227
1229
1229
1233
1235
1238
1245
1245
1250
1252
1263
1272
1273
1274
1278
1278
1280
1294
1295
1304
1307
1311
1311
1315
1316
1324
1333
1337
1359
1363
1367
1374
1376
1378
1379
1385
1387
1395
1398
1406
1410
1433
1443
1450
1462
1464
1476
1485
1486
1486
1492
1492
1495
1499
1508
1514
1515
1516
1516
1517
1518
1527
1528
1543
1547
1547
1548
1548
1550
1552
1555
1558
1565
1569
1571
1573
1576
1578
1585
1590
1603
1604
1609
1612
1613
1618
1623
1624
1627
1631
1645
1650
1658
1668
1672
1683
1686
1689
1692
1694
1699
1700
1707
1711
1714
1728
1739
1743
1746
1747
1751
1753
1764
1775
1780
1786
1801
1803
1813
1819
1821
1822
1831
1840
1844
1854
1858
1872
1874
1877
1878
1883
1885
1892
1894
1900
1905
1914
1914
1917
1922
1923
1928
1929
1935
1938
1940
1954
1954
1957
1963
1967
1976
1979
1981
1987
1989
1994
1997
1997
2000
2005
2006
2008
2019
2023
2024
2038
2062
2065
2067
2069
2091
2094
2097
2107
2107
2113
2115
2116
2119
2126
2126
2128
2134
2145
2149
2150
2155
2158
2161
2165
2167
2172
2176
2183
2188
2192
2195
2197
2203
2207
2209
2212
2216
2228
2240
2256
2261
2274
2281
2285
2290
2292
2295
2296
2302
2326
2339
2350
2352
2362
2376
2383
2384
2389
2393
2393
2396
2400
2402
2402
2404
2412
2417
2419
2419
2421
2424
2427
2434
2448
2450
2452
2460
2461
2471
2474
2477
2481
2482
2486
2488
2489
2489
2491
2510
2514
2518
2518
2524
2525
2526
2529
2534
2535
2543
2551
2552
2554
2557
2557
2559
2568
2573
2578
2583
2585
2587
2600
2601
2604
2605
2605
2608
2609
2613
2631
2633
2636
2637
2638
2654
2656
2657
2674
2676
2677
2683
2684
2685
2689
2689
2691
2696
2702
2704
2705
2709
2715
2715
2717
2721
2723
2727
2727
2728
2763
2777
2786
2792
2795
2800
2810
2827
2828
2840
2850
2850
2857
2875
2893
2908
2908
2915
2937
2941
2946
2948
2950
2960
2972
2976
2993
2998
3018
3034
3036
3043
3046
3048
3052
3057
3061
3064
3066
3070
3071
3073
3078
3079
3081
3086
3093
3118
3121
3140
3146
3147
3147
3148
3170
3176
3182
3183
3187
3193
3193
3195
3199
3204
3208
3212
3217
3221
3229
3234
3237
3239
3242
3248
3248
3256
3261
3275
3280
3285
3293
3295
3309
3311
3314
3318
3319
3319
3320
3329
3335
3338
3340
3340
3346
3347
3348
3348
3355
3360
3361
3362
3364
3366
3368
3373
3374
3395
3402
3412
3421
3421
3423
3423
3424
3436
3440
3464
3465
3467
3476
3483
3487
3492
3494
3496
3496
3506
3510
3527
3537
3543
3548
3552
3557
3560
3561
3562
3562
3571
3571
3571
3576
3578
3579
3580
3580
3585
3592
3592
3597
3605
3608
3610
3612
3613
3622
3624
3629
3634
3638
3647
3654
3656
3659
3664
3665
3677
3683
3690
3691
3696
3712
3716
3719
3723
3727
3727
3729
3733
3735
3752
3756
3762
3768
3776
3782
3784
3788
3795
3795
3803
3806
3806
3809
3837
3843
3847
3856
3857
3863
3865
3865
3869
3891
3896
3897
3909
3931
3944
3944
3956
3965
3969
3989
3992
3998
4002
4011
4025
4026
4030
4033
4034
4042
4043
4045
4049
4049
4053
4070
4072
4078
4086
4097
4100
4105
4113
4113
4115
4117
4118
4120
4123
4133
4134
4145
4146
4150
4171
4172
4172
4175
4178
4182
4182
4186
4188
4189
4190
4192
4200
4207
4211
4215
4218
4221
4226
4230
4230
4236
4237
4242
4243
4254
4258
4267
4268
4268
4279
4282
4291
4291
4300
4301
4313
4314
4317
4318
4332
4351
4353
4367
4367
4368
4368
4382
4386
4394
4422
4429
4429
4434
4437
4437
4438
4451
4456
4463
4465
4465
4468
4474
4492
4503
4505
4515
4517
4540
4540
4546
4550
4551
4560
4561
4586
4587
4590
4594
4595
4598
4598
4600
4600
4603
4604
4608
4615
4618
4622
4623
4625
4641
4642
4653
4656
4659
4659
4661
4669
4674
4692
4709
4718
4726
4728
4736
4736
4736
4742
4745
4748
4751
4760
4764
4767
4775
4776
4777
4777
4789
4790
4791
4797
4799
4800
4804
4807
4809
4813
4815
4822
4827
4829
4832
4839
4842
4849
4850
4852
4852
4854
4858
4864
4871
4875
4896
4900
4901
4904
4906
4911
4912
4913
4933
4935
4936
4946
4952
4963
4967
4969
4969
4973
4976
4980
4980
4984
4994
4996
4998
5000
5000
